USPS	GEOID	ALAND	AWATER	ALAND_SQMI	AWATER_SQMI	INTPTLAT	INTPTLONG                                                                                                                             
AL	0101	15713086471	2275834340	6066.857	878.705	31.002052	-87.787972                                                                                                                                    
AL	0102	26269465210	304069410	10142.698	117.402	31.702085	-86.076842                                                                                                                                    
AL	0103	19538918675	470617474	7544.019	181.706	33.150564	-85.700228                                                                                                                                     
AL	0104	23022290079	573514877	8888.956	221.435	34.11818	-87.213808                                                                                                                                      
AL	0105	9526132610	459315160	3678.061	177.343	34.755074	-86.710163                                                                                                                                      
AL	0106	10802840847	176671228	4171.	68.213	33.260212	-86.71343                                                                                                                                          
AL	0107	26301697324	332922212	10155.143	128.542	32.449235	-87.640501                                                                                                                                    
AK	0200	1478588231566	277723861311	570886.132	107229.787	63.281324	-152.57304                                                                                                                           
AZ	0401	142546050209	354049454	55037.34	136.699	34.971013	-110.725925                                                                                                                                   
AZ	0402	20298521121	138380115	7837.303	53.429	31.916618	-109.938728                                                                                                                                     
AZ	0403	40632659377	8411270	15688.358	3.248	32.423816	-112.40259                                                                                                                                        
AZ	0404	85987712579	504274113	33200.043	194.701	34.590918	-113.204528                                                                                                                                   
AZ	0405	760019080	2390597	293.445	0.923	33.339708	-111.712452                                                                                                                                           
AZ	0406	1618774967	11033169	625.013	4.26	33.665518	-111.888589                                                                                                                                          
AZ	0407	530597502	1640754	204.865	0.633	33.427819	-112.118768                                                                                                                                           
AZ	0408	1398089166	4081290	539.805	1.576	33.695581	-112.299574                                                                                                                                          
AZ	0409	426237566	2984352	164.571	1.152	33.406007	-111.949996                                                                                                                                           
AR	0501	50035449740	1234801742	19318.796	476.76	35.293909	-91.258306                                                                                                                                    
AR	0502	12895656924	302532360	4979.041	116.808	35.09956	-92.379156                                                                                                                                      
AR	0503	13982291978	376049391	5398.593	145.193	36.500504	-94.617768                                                                                                                                     
AR	0504	57854702031	1050248298	22337.826	405.503	34.2242	-93.221113                                                                                                                                     
CA	0601	72746743500	1948066328	28087.676	752.153	40.731988	-121.510516                                                                                                                                  
CA	0602	33546450051	4122300212	12952.357	1591.629	40.094059	-123.464974                                                                                                                                 
CA	0603	16016675422	456738339	6184.073	176.348	39.031952	-122.089573                                                                                                                                    
CA	0604	33247167385	858265033	12836.804	331.378	37.982452	-119.927973                                                                                                                                   
CA	0605	4482412550	319292815	1730.669	123.28	38.515806	-122.462559                                                                                                                                      
CA	0606	452858330	11191537	174.85	4.321	38.594033	-121.479768                                                                                                                                           
CA	0607	1421299398	13607918	548.767	5.254	38.479477	-121.215371                                                                                                                                         
CA	0608	85126844954	450306547	32867.66	173.864	35.662557	-116.819546                                                                                                                                    
CA	0609	3239718832	140669150	1250.862	54.313	38.010406	-121.306562                                                                                                                                      
CA	0610	4714677851	54185569	1820.347	20.921	37.586323	-121.054426                                                                                                                                       
CA	0611	1268414564	101723291	489.738	39.276	37.903869	-122.000933                                                                                                                                       
CA	0612	100995002	211552145	38.994	81.681	37.785514	-122.434                                                                                                                                            
CA	0613	250704087	127161024	96.797	49.097	37.778962	-122.239248                                                                                                                                         
CA	0614	672492255	827356051	259.651	319.444	37.574676	-122.494794                                                                                                                                       
CA	0615	1549178227	73579085	598.141	28.409	37.657148	-121.836245                                                                                                                                        
CA	0616	7353849309	119233968	2839.337	46.036	37.108653	-120.518867                                                                                                                                      
CA	0617	480150143	21997291	185.387	8.493	37.441028	-121.966578                                                                                                                                          
CA	0618	1802931104	329756821	696.116	127.32	37.202203	-122.153806                                                                                                                                       
CA	0619	2372249381	15213802	915.931	5.874	37.216236	-121.529023                                                                                                                                         
CA	0620	12623981667	1575067676	4874.147	608.137	36.373286	-121.275218                                                                                                                                   
CA	0621	17430139807	36086186	6729.815	13.933	36.086714	-119.8515                                                                                                                                        
CA	0622	3017080261	10631876	1164.901	4.105	36.476861	-119.389551                                                                                                                                        
CA	0623	25636753464	99798902	9898.406	38.533	35.610684	-118.539057                                                                                                                                      
CA	0624	17832881475	3683678861	6885.314	1422.276	34.919633	-120.112845                                                                                                                                  
CA	0625	4378778073	30920024	1690.656	11.938	34.58806	-118.280269                                                                                                                                        
CA	0626	2432290793	807145392	939.113	311.641	34.167023	-119.129955                                                                                                                                      
CA	0627	1812630457	7549848	699.861	2.915	34.265083	-117.934887                                                                                                                                          
CA	0628	565785716	2413830	218.451	0.932	34.250058	-118.291452                                                                                                                                           
CA	0629	238354211	1621911	92.029	0.626	34.266695	-118.430313                                                                                                                                            
CA	0630	352105778	5012016	135.949	1.935	34.201873	-118.546956                                                                                                                                           
CA	0631	565291880	6412057	218.26	2.476	34.109675	-117.353329                                                                                                                                            
CA	0632	321800650	5294390	124.248	2.044	34.089564	-117.914142                                                                                                                                           
CA	0633	747462851	489601286	288.597	189.036	34.046539	-118.944307                                                                                                                                       
CA	0634	123465377	783650	47.67	0.303	34.074655	-118.228269                                                                                                                                              
CA	0635	437423307	309741	168.89	0.12	34.04457	-117.583212                                                                                                                                               
CA	0636	15313274422	201717667	5912.489	77.884	33.730013	-115.739337                                                                                                                                     
CA	0637	143131705	351787	55.263	0.136	34.016897	-118.371764                                                                                                                                             
CA	0638	262652711	3822553	101.411	1.476	33.939479	-118.062604                                                                                                                                           
CA	0639	529385455	3117073	204.397	1.204	33.940378	-117.834936                                                                                                                                           
CA	0640	149408227	1743217	57.687	0.673	33.969867	-118.179207                                                                                                                                            
CA	0641	820177168	4159166	316.672	1.606	33.918075	-117.29742                                                                                                                                            
CA	0642	2423945955	44654905	935.891	17.241	33.679953	-117.227523                                                                                                                                        
CA	0643	186583272	555896	72.04	0.215	33.90311	-118.336303                                                                                                                                               
CA	0644	205462827	66957259	79.33	25.852	33.81875	-118.250983                                                                                                                                            
CA	0645	855911615	5327953	330.469	2.057	33.714258	-117.668355                                                                                                                                           
CA	0646	185529294	2547859	71.633	0.984	33.790804	-117.896363                                                                                                                                            
CA	0647	560128410	1176344307	216.267	454.189	33.367336	-118.480709                                                                                                                                      
CA	0648	376881305	283036860	145.515	109.281	33.62291	-117.905096                                                                                                                                        
CA	0649	1433399632	511517467	553.439	197.498	33.314786	-117.379519                                                                                                                                      
CA	0650	7222171605	40717916	2788.496	15.721	33.113548	-116.62259                                                                                                                                        
CA	0651	12410088463	870604257	4791.562	336.142	32.996249	-115.525421                                                                                                                                    
CA	0652	691530889	296833733	267.002	114.608	32.857199	-117.165327                                                                                                                                       
CA	0653	351481125	6103481	135.708	2.357	32.718314	-117.031482                                                                                                                                           
CO	0801	491909051	7068941	189.927	2.729	39.732286	-104.908758                                                                                                                                           
CO	0802	19516518907	236586877	7535.37	91.347	40.137084	-105.709084                                                                                                                                      
CO	0803	128801473805	388035363	49730.529	149.821	38.743254	-107.344849                                                                                                                                  
CO	0804	98683966052	438481210	38102.094	169.299	39.070683	-103.413853                                                                                                                                   
CO	0805	18818296057	61236312	7265.785	23.643	38.815408	-105.344151                                                                                                                                      
CO	0806	1227603408	22105056	473.98	8.535	39.755088	-104.765351                                                                                                                                          
CO	0807	886197293	24982004	342.163	9.646	39.82615	-105.042224                                                                                                                                           
CT	0901	1749270617	51354205	675.397	19.828	41.790152	-73.20118                                                                                                                                          
CT	0902	5149127806	297834069	1988.089	114.994	41.653687	-72.206509                                                                                                                                      
CT	0903	1218128785	68639679	470.322	26.502	41.385688	-72.877302                                                                                                                                         
CT	0904	1193579517	214382753	460.844	82.774	41.196801	-73.388514                                                                                                                                        
CT	0905	3232512578	87623882	1248.08	33.832	41.694323	-73.209998                                                                                                                                         
CT	09ZZ	0	1095660735	0.	423.037	41.166607	-72.842465                                                                                                                                                    
DE	1000	5047241079	1398670234	1948.751	540.03	38.998624	-75.441692                                                                                                                                      
DC	1198	158351639	18675956	61.14	7.211	38.904103	-77.017229                                                                                                                                             
FL	1201	10405022944	1920198807	4017.402	741.393	30.662801	-86.662466                                                                                                                                    
FL	1202	28499495272	4837033100	11003.717	1867.589	30.075257	-84.179287                                                                                                                                  
FL	1203	9233151320	722439524	3564.94	278.935	29.673652	-82.049205                                                                                                                                       
FL	1204	4065702591	1017145271	1569.777	392.722	30.671391	-82.036769                                                                                                                                     
FL	1205	9887623036	240835117	3817.633	92.987	30.448117	-83.324429                                                                                                                                       
FL	1206	5624012888	1321898430	2171.444	510.388	29.193038	-81.279601                                                                                                                                     
FL	1207	1017701317	110468531	392.937	42.652	28.687037	-81.244723                                                                                                                                        
FL	1208	4536424864	1710655903	1751.524	660.488	28.164649	-80.698906                                                                                                                                     
FL	1209	59879q:q21341	798384093	2311.949	308.258	28.035342	-81.290617                                                                                                                                      
FL	1210	1130599172	205785473	436.527	79.454	28.543829	-81.512865                                                                                                                                        
FL	1211	6190210209	1289210544	2390.054	497.767	28.78694	-82.216916                                                                                                                                      
FL	1212	2225709299	543289800	859.351	209.765	28.268718	-82.491773                                                                                                                                       
FL	1213	470881681	639929451	181.808	247.078	27.825772	-82.726447                                                                                                                                        
FL	1214	714571197	234008132	275.897	90.351	28.013556	-82.486401                                                                                                                                         
FL	1215	2816305893	215203162	1087.382	83.09	28.196218	-81.981552                                                                                                                                        
FL	1216	3349916070	958648284	1293.41	370.136	27.533103	-82.358155                                                                                                                                       
FL	1217	14434123174	1921259405	5573.046	741.802	27.232739	-81.551539                                                                                                                                    
FL	1218	3914276313	979029452	1511.311	378.005	27.137537	-80.381641                                                                                                                                      
FL	1219	1942414991	1598133107	749.971	617.043	26.431625	-81.906768                                                                                                                                      
FL	1220	5592899394	637545841	2159.431	246.158	26.44613	-80.586987                                                                                                                                       
FL	1221	663355764	250139828	256.123	96.58	26.562631	-80.126245                                                                                                                                          
FL	1222	427070323	250958427	164.893	96.896	26.272108	-80.125212                                                                                                                                         
FL	1223	486449067	184721434	187.819	71.321	26.042138	-80.240928                                                                                                                                         
FL	1224	265238198	33029029	102.409	12.753	25.908466	-80.210911                                                                                                                                          
FL	1225	9079118653	445389220	3505.467	171.966	26.204284	-81.202959                                                                                                                                      
FL	1226	5657950451	7736018255	2184.547	2986.893	25.170743	-81.095269                                                                                                                                    
FL	1227	293291784	597442671	113.241	230.674	25.691263	-80.250152                                                                                                                                        
GA	1301	20880536010	2248892004	8062.02	868.302	31.317438	-81.942545                                                                                                                                     
GA	1302	24931972415	449472216	9626.289	173.542	31.816237	-84.419031                                                                                                                                     
GA	1303	9935634133	215325903	3836.17	83.138	33.150522	-84.728664                                                                                                                                        
GA	1304	1287248302	22015255	497.009	8.5	33.6996	-84.050563                                                                                                                                              
GA	1305	686127322	5196810	264.915	2.006	33.706985	-84.401119                                                                                                                                            
GA	1306	774197747	14045945	298.919	5.423	34.013052	-84.345662                                                                                                                                           
GA	1307	1016918880	25473538	392.635	9.835	34.040192	-84.082959                                                                                                                                          
GA	1308	22576793224	354618256	8716.949	136.919	31.779807	-83.451511                                                                                                                                     
GA	1309	13497964615	411754565	5211.593	158.979	34.506113	-83.68705                                                                                                                                      
GA	1310	18380931910	463117419	7096.918	178.811	33.424206	-83.062309                                                                                                                                     
GA	1311	2773088054	70602060	1070.695	27.26	34.180432	-84.651494                                                                                                                                         
GA	1312	21202177276	375197181	8186.207	144.864	32.413331	-82.223842                                                                                                                                     
GA	1313	1849865552	25859931	714.237	9.985	33.629827	-84.568775                                                                                                                                          
GA	1314	9384068854	51814494	3623.209	20.006	34.430586	-85.097876                                                                                                                                        
HI	1501	541435682	456697044	209.049	176.332	21.32264	-157.905954                                                                                                                                        
HI	1502	16092682060	11320984469	6213.42	4371.057	19.694163	-156.044344                                                                                                                                  
ID	1601	102096846269	1311800081	39419.814	506.489	45.29675	-116.035842                                                                                                                                  
ID	1602	111951314468	1081555671	43224.646	417.591	43.443926	-113.364262                                                                                                                                 
IL	1701	669233988	2069827	258.393	0.799	41.546671	-87.835747                                                                                                                                            
IL	1702	2798960062	25367023	1080.685	9.794	41.256208	-87.790115                                                                                                                                         
IL	1703	613767733	13129912	236.977	5.069	41.678977	-87.891975                                                                                                                                           
IL	1704	135768215	966146	52.42	0.373	41.884772	-87.921701                                                                                                                                               
IL	1705	247684701	1857746	95.632	0.717	41.930366	-87.830902                                                                                                                                             
IL	1706	981281905	27250453	378.875	10.521	42.067118	-88.404435                                                                                                                                          
IL	1707	161452483	5309542	62.337	2.05	41.863332	-87.732122                                                                                                                                              
IL	1708	532547074	10497220	205.618	4.053	42.009662	-88.09665                                                                                                                                            
IL	1709	272939511	1558242	105.383	0.602	42.052684	-87.810185                                                                                                                                            
IL	1710	777307694	31695461	300.12	12.238	42.280015	-87.939942                                                                                                                                           
IL	1711	726622133	15497432	280.55	5.984	41.642771	-88.145983                                                                                                                                            
IL	1712	12971461658	462555006	5008.31	178.593	37.993307	-89.427891                                                                                                                                      
IL	1713	15004789445	216512557	5793.382	83.596	39.515635	-89.519842                                                                                                                                      
IL	1714	4137539307	62705367	1597.513	24.211	42.025547	-88.445853                                                                                                                                        
IL	1715	38062093379	353696036	14695.857	136.563	38.905169	-88.442079                                                                                                                                    
IL	1716	20505805962	180883356	7917.336	69.839	41.391523	-88.799197                                                                                                                                      
IL	1717	17949214253	346359938	6930.231	133.73	41.389467	-90.218653                                                                                                                                      
IL	1718	27235643868	383093290	10515.741	147.913	40.227184	-90.069118                                                                                                                                    
IN	1801	2996149051	625369032	1156.82	241.456	41.497034	-87.179817                                                                                                                                       
IN	1802	10252951583	131966593	3958.687	50.953	41.248724	-86.236798                                                                                                                                      
IN	1803	10826747936	135332323	4180.231	52.252	41.096795	-85.236277                                                                                                                                      
IN	1804	16450535829	70422165	6351.588	27.19	40.381088	-86.859412                                                                                                                                        
IN	1805	4985157357	41028527	1924.78	15.841	40.248632	-85.869599                                                                                                                                         
IN	1806	16075807854	106464022	6206.904	41.106	39.475219	-85.376338                                                                                                                                      
IN	1807	787118054	4770564	303.908	1.842	39.746873	-86.139006                                                                                                                                            
IN	1808	18792547028	278267318	7255.843	107.44	38.733017	-87.199347                                                                                                                                      
IA	1901	31206105117	228747351	12048.745	88.32	42.52776	-91.896123                                                                                                                                       
IA	1902	31758222558	431617733	12261.919	166.649	41.208515	-92.149188                                                                                                                                    
IA	1903	22761908990	156085934	8788.423	60.265	41.209543	-94.640381                                                                                                                                      
IA	1904	58937921470	264842664	22756.06	102.256	42.628638	-94.645098                                                                                                                                     
KS	2001	136082693184	595682427	52541.824	229.994	38.731595	-99.408037                                                                                                                                   
KS	2002	36632524565	528627765	14143.897	204.104	38.482278	-95.42464                                                                                                                                     
KS	2003	1961376350	33268793	757.292	12.845	38.895004	-94.790643                                                                                                                                         
KS	2004	37076565850	188746571	14315.343	72.875	37.554465	-97.743983                                                                                                                                     
KY	2101	31293052442	1224600771	12082.316	472.821	37.084603	-87.184938                                                                                                                                   
KY	2102	18590113025	400504493	7177.683	154.636	37.544621	-85.99049                                                                                                                                      
KY	2103	827724572	41039533	319.586	15.845	38.189221	-85.697271                                                                                                                                          
KY	2104	11334568681	289884598	4376.302	111.925	38.568973	-84.437006                                                                                                                                     
KY	2105	29095574619	312844902	11233.865	120.79	37.368828	-83.521898                                                                                                                                     
KY	2106	11125059482	119857264	4295.41	46.277	38.053447	-84.154778                                                                                                                                       
LA	2201	10439692168	14395561130	4030.788	5558.157	29.636492	-89.905361                                                                                                                                  
LA	2202	3285061039	522507336	1268.369	201.741	30.046744	-90.568499                                                                                                                                      
LA	2203	18089035191	5593777362	6984.216	2159.77	29.929615	-92.442361                                                                                                                                    
LA	2204	32209609166	1107495827	12436.2	427.607	31.792047	-93.179606                                                                                                                                     
LA	2205	37433744653	1114650961	14453.25	430.369	31.766446	-91.823524                                                                                                                                    
ME	2301	8511640854	4734127939	3286.363	1827.857	43.837732	-69.939068                                                                                                                                    
ME	2302	71374167567	7014040632	27557.721	2708.136	45.510001	-69.08531                                                                                                                                   
MD	2401	10300763780	4036018809	3977.147	1558.316	38.768471	-75.958886                                                                                                                                   
MD	2402	903021394	440312287	348.659	170.006	39.339519	-76.428702                                                                                                                                        
MD	2403	788562242	252318226	304.466	97.421	39.157221	-76.676863                                                                                                                                         
MD	2404	771431747	48192537	297.851	18.607	38.756109	-77.026416                                                                                                                                          
MD	2405	3839955042	2066568067	1482.615	797.906	38.471817	-76.712036                                                                                                                                     
MD	2406	5056221176	98108976	1952.218	37.88	39.288127	-79.482031                                                                                                                                         
MD	2407	1264538611	14744815	488.241	5.693	39.340766	-77.185884                                                                                                                                          
MD	2408	2226202153	24107309	859.541	9.308	39.422297	-77.242003                                                                                                                                          
MA	2501	6086961487	129548620	2350.189	50.019	42.331044	-72.864178                                                                                                                                       
MA	2502	4216399937	221853716	1627.961	85.658	42.385042	-72.118691                                                                                                                                       
MA	2503	1962144439	76251014	757.588	29.441	42.589515	-71.572828                                                                                                                                         
MA	2504	1730755717	86366275	668.249	33.346	41.997215	-71.227536                                                                                                                                         
MA	2505	686548485	58599141	265.078	22.625	42.355366	-71.29844                                                                                                                                           
MA	2506	1364157680	864455788	526.704	333.768	42.617112	-70.885391                                                                                                                                       
MA	2507	162438867	97447912	62.718	37.625	42.316688	-71.009442                                                                                                                                           
MA	2508	845278194	447520003	326.364	172.788	42.194734	-70.944005                                                                                                                                        
MA	2509	3149602733	5148720788	1216.068	1987.932	41.69036	-70.494314                                                                                                                                     
MI	2601	64823095449	75783678613	25028.338	29260.243	46.157305	-86.436912                                                                                                                                
MI	2602	8540026707	7429788536	3297.323	2868.658	43.397541	-86.318863                                                                                                                                    
MI	2603	6810456342	177813904	2629.532	68.654	42.720027	-85.237276                                                                                                                                       
MI	2604	21906078722	521178033	8457.985	201.228	43.731553	-84.750399                                                                                                                                     
MI	2605	6083511035	4835435284	2348.857	1866.972	43.572713	-84.169282                                                                                                                                    
MI	2606	9188433840	4065697553	3547.674	1569.775	42.164052	-86.156052                                                                                                                                    
MI	2607	10950269576	526293098	4227.923	203.203	42.093608	-84.304955                                                                                                                                     
MI	2608	3893102432	99588318	1503.135	38.451	42.647773	-83.945354                                                                                                                                        
MI	2609	475788210	13223182	183.703	5.105	42.52966	-83.054722                                                                                                                                            
MI	2610	10728138463	5439745597	4142.158	2100.298	43.455904	-82.882407                                                                                                                                   
MI	2611	1085491777	55909219	419.111	21.587	42.530002	-83.453996                                                                                                                                         
MI	2612	1044251681	72039332	403.188	27.815	42.205381	-83.447042                                                                                                                                         
MI	2613	478823763	5422500	184.875	2.094	42.351375	-83.430053                                                                                                                                            
MN	2701	31012750187	541310820	11974.09	209.001	43.898939	-93.711742                                                                                                                                     
MN	2702	6314196469	243534838	2437.925	94.029	44.478968	-92.853042                                                                                                                                       
MN	2703	1364907543	145011977	526.994	55.989	44.99588	-93.52862                                                                                                                                          
MN	2704	861409413	84710210	332.592	32.707	45.002713	-92.977366                                                                                                                                          
MN	2705	351509734	16674892	135.719	6.438	44.980949	-93.29416                                                                                                                                            
MN	2706	7463332695	405721162	2881.609	156.65	45.336807	-93.852055                                                                                                                                       
MN	2707	86581180363	5057706724	33429.182	1952.792	46.55302	-95.675905                                                                                                                                   
MN	2708	72279889700	12450296907	27907.423	4807.087	47.25034	-92.963868                                                                                                                                  
MS	2801	27383787577	409006297	10572.94	157.918	34.197518	-89.003512                                                                                                                                     
MS	2802	40277934712	961395147	15551.398	371.197	33.17633	-90.350829                                                                                                                                     
MS	2803	33033314456	342512113	12754.235	132.245	32.01493	-89.740589                                                                                                                                     
MS	2804	20835219863	2217269189	8044.524	856.092	30.994186	-89.090334                                                                                                                                    
MO	2901	583315316	27454150	225.219	10.6	38.728386	-90.296228                                                                                                                                            
MO	2902	1206418804	37435850	465.801	14.454	38.60297	-90.532337                                                                                                                                          
MO	2903	17745385735	368183517	6851.532	142.156	38.578171	-91.563185                                                                                                                                     
MO	2904	37311486202	744930706	14406.046	287.619	38.282425	-93.318995                                                                                                                                    
MO	2905	6281363024	89972215	2425.248	34.738	39.141446	-93.783936                                                                                                                                        
MO	2906	47133860847	527236188	18198.486	203.567	39.948014	-93.293542                                                                                                                                    
MO	2907	16246575947	248417066	6272.838	95.914	36.991061	-93.706352                                                                                                                                      
MO	2908	51543631130	444560710	19901.108	171.646	37.194128	-90.934515                                                                                                                                    
MT	3000	376960880222	3871059371	145545.416	1494.624	47.051177	-109.634817                                                                                                                               
NE	3101	22996551823	249258050	8879.019	96.239	41.374459	-96.828662                                                                                                                                      
NE	3102	1320129902	43574676	509.705	16.824	41.228622	-96.160905                                                                                                                                         
NE	3103	174641284006	1077690968	67429.38	416.099	41.539473	-100.222969                                                                                                                                  
NV	3201	270624139	16683	104.489	0.006	36.133543	-115.151542                                                                                                                                             
NV	3202	144597298061	1316053447	55829.331	508.131	40.651151	-117.329684                                                                                                                                 
NV	3203	7378700262	102756400	2848.932	39.674	35.663194	-115.153967                                                                                                                                      
NV	3204	132082704605	628524273	50997.42	242.675	38.085647	-116.026496                                                                                                                                   
NH	3301	6383006002	626684268	2464.493	241.964	43.464739	-71.200171                                                                                                                                      
NH	3302	16804439450	401958887	6488.231	155.197	43.764178	-71.721399                                                                                                                                     
NJ	3401	907048665	51215017	350.213	19.774	39.791975	-75.055921                                                                                                                                          
NJ	3402	5425976974	2032573880	2094.982	784.781	39.39264	-74.908677                                                                                                                                      
NJ	3403	2326349284	618688651	898.209	238.877	39.898974	-74.476343                                                                                                                                       
NJ	3404	1790183883	49193621	691.194	18.994	40.165002	-74.316997                                                                                                                                         
NJ	3405	2568294919	83818240	991.624	32.362	40.973821	-75.134211                                                                                                                                         
NJ	3406	557478433	503892484	215.244	194.554	40.346735	-74.214645                                                                                                                                        
NJ	3407	2512101051	47141303	969.928	18.201	40.631748	-74.789504                                                                                                                                         
NJ	3408	141627875	37950202	54.683	14.653	40.723927	-74.106496                                                                                                                                           
NJ	3409	246845399	19505879	95.308	7.531	40.860782	-74.073824                                                                                                                                            
NJ	3410	196407602	12464516	75.833	4.813	40.708964	-74.209045                                                                                                                                            
NJ	3411	1310082064	67961483	505.826	26.24	40.902019	-74.450539                                                                                                                                          
NJ	3412	1067327164	18558275	412.097	7.165	40.374219	-74.574055                                                                                                                                          
NM	3501	11916092592	16862536	4600.829	6.511	34.771562	-106.051091                                                                                                                                       
NM	3502	185819783587	409896310	71745.423	158.262	33.385261	-106.299442                                                                                                                                  
NM	3503	116455539384	306910807	44963.737	118.499	36.009852	-105.831857                                                                                                                                  
NY	3601	1683369812	3360069908	649.953	1297.33	40.983872	-72.549515                                                                                                                                      
NY	3602	470268701	375164144	181.572	144.852	40.685329	-73.288487                                                                                                                                        
NY	3603	660257279	301925010	254.927	116.574	40.860496	-73.505379                                                                                                                                        
NY	3604	286745402	168721690	110.713	65.144	40.636948	-73.60591                                                                                                                                          
NY	3605	134511928	184543098	51.935	71.252	40.596562	-73.827212                                                                                                                                          
NY	3606	77166992	711425	29.794	0.275	40.734862	-73.823455                                                                                                                                               
NY	3607	41806002	2675060	16.141	1.033	40.644183	-74.02596                                                                                                                                               
NY	3608	73603943	48116164	28.419	18.578	40.621438	-73.911077                                                                                                                                            
NY	3609	40267196	502409	15.547	0.194	40.642184	-73.947201                                                                                                                                               
NY	3610	36382665	23226245	14.047	8.968	40.703036	-74.006678                                                                                                                                             
NY	3611	168154101	128598705	64.925	49.652	40.566974	-74.126314                                                                                                                                          
NY	3612	38311106	7282926	14.792	2.812	40.751026	-73.95042                                                                                                                                               
NY	3613	26315653	7203614	10.161	2.781	40.838862	-73.932982                                                                                                                                              
NY	3614	73725753	39260843	28.466	15.159	40.809782	-73.837004                                                                                                                                            
NY	3615	37598152	6263939	14.517	2.419	40.824067	-73.891157                                                                                                                                              
NY	3616	202993288	76385505	78.376	29.493	40.939735	-73.791088                                                                                                                                           
NY	3617	990754154	149873221	382.532	57.866	41.159532	-73.919355                                                                                                                                         
NY	3618	3506994481	160461621	1354.058	61.955	41.411657	-74.080981                                                                                                                                       
NY	3619	20556863321	430599756	7937.05	166.256	42.227811	-74.425633                                                                                                                                      
NY	3620	3189351632	81971753	1231.416	31.649	42.748882	-73.988366                                                                                                                                        
NY	3621	39144878013	3342021173	15113.923	1290.362	44.008384	-74.609231                                                                                                                                  
NY	3622	13150501326	386973109	5077.437	149.411	42.870701	-75.662664                                                                                                                                     
NY	3623	19092488019	1602469476	7371.651	618.717	42.344244	-77.845808                                                                                                                                    
NY	3624	6186354160	3271976203	2388.565	1263.317	43.210319	-76.648094                                                                                                                                    
NY	3625	1321389767	1831700038	510.191	707.223	43.323395	-77.715489                                                                                                                                      
NY	3626	567573235	35617896	219.141	13.752	42.961825	-78.840983                                                                                                                                          
NY	3627	10290366665	3222836917	3973.133	1244.344	43.00085	-78.316882                                                                                                                                    
NC	3701	15206074948	526877237	5871.099	203.428	36.146257	-77.522885                                                                                                                                     
NC	3702	6988484962	95863414	2698.269	37.013	35.761251	-78.406771                                                                                                                                        
NC	3703	18692822004	10737987125	7217.339	4145.96	35.446967	-76.605286                                                                                                                                   
NC	3704	1896723122	18289922	732.329	7.062	35.911176	-79.266126                                                                                                                                          
NC	3705	10279841771	80945652	3969.069	31.253	36.265333	-80.979774                                                                                                                                       
NC	3706	10127921341	210141575	3910.412	81.136	36.014538	-79.47224                                                                                                                                       
NC	3707	15397310384	1127460946	5944.935	435.315	34.642611	-78.211075                                                                                                                                    
NC	3708	7650401533	123312400	2953.837	47.611	35.295611	-79.780166                                                                                                                                       
NC	3709	10032958597	88333343	3873.747	34.106	34.853079	-79.5357                                                                                                                                         
NC	3710	6708582979	107673789	2590.198	41.573	35.439187	-81.62936                                                                                                                                        
NC	3711	17106161233	191420305	6604.726	73.908	35.521414	-82.810244                                                                                                                                      
NC	3712	1087721309	54513631	419.972	21.048	35.273741	-80.856007                                                                                                                                         
NC	3713	4744708509	107294557	1831.942	41.427	35.847707	-80.450929                                                                                                                                       
ND	3800	178710423375	4400396641	69000.483	1699.003	47.442174	-100.460826                                                                                                                                
OH	3901	1779276397	26627609	686.982	10.281	39.336079	-84.346772                                                                                                                                         
OH	3902	8344022993	77185779	3221.645	29.802	39.018868	-83.551946                                                                                                                                        
OH	3903	590635256	11354623	228.046	4.384	39.966207	-82.947495                                                                                                                                           
OH	3904	12081697622	123076694	4664.77	47.52	40.516984	-84.575476                                                                                                                                        
OH	3905	14572392533	72293142	5626.432	27.913	41.155751	-84.044789                                                                                                                                       
OH	3906	18685899843	202614327	7214.667	78.23	39.771409	-81.575039                                                                                                                                       
OH	3907	10009870594	64671712	3864.833	24.97	40.743275	-82.467001                                                                                                                                        
OH	3908	6346849932	40207235	2450.533	15.524	39.899503	-84.160806                                                                                                                                        
OH	3909	1203543249	4312119580	464.691	1664.919	41.403253	-82.548119                                                                                                                                     
OH	3910	2926661524	14777588	1129.99	5.706	39.701363	-83.958697                                                                                                                                          
OH	3911	633251926	1310861846	244.5	506.127	41.61325	-81.531037                                                                                                                                          
OH	3912	5884482145	76534852	2272.011	29.55	40.239323	-82.613677                                                                                                                                         
OH	3913	2315893758	70480190	894.172	27.213	41.14963	-80.978697                                                                                                                                          
OH	3914	5063536361	3730727841	1955.042	1440.442	41.751164	-81.019475                                                                                                                                    
OH	3915	12273509822	99729167	4738.829	38.506	39.57786	-82.756205                                                                                                                                        
OH	3916	3121758444	31188827	1205.318	12.042	40.982155	-81.740604                                                                                                                                        
OK	4001	4226105183	143411660	1631.708	55.372	36.211741	-95.789582                                                                                                                                       
OK	4002	54380778941	1949953912	20996.537	752.881	35.143303	-95.441772                                                                                                                                   
OK	4003	88363168692	812730566	34117.212	313.797	36.107069	-98.839765                                                                                                                                    
OK	4004	25323016947	407934365	9777.272	157.504	34.586592	-97.750131                                                                                                                                     
OK	4005	5371380241	59056725	2073.902	22.802	35.307879	-96.989604                                                                                                                                        
OR	4101	7786840316	770903089	3006.516	297.647	45.721199	-123.341271                                                                                                                                     
OR	4102	179860036930	1904464238	69444.351	735.318	43.837494	-119.59685                                                                                                                                  
OR	4103	2782877286	82378516	1074.475	31.807	45.389998	-122.19909                                                                                                                                        
OR	4104	44734929671	2229798138	17272.254	860.93	43.472003	-123.273132                                                                                                                                   
OR	4105	13439644606	1207501344	5189.076	466.219	45.028365	-123.195164                                                                                                                                   
PA	4201	202017297	30946404	77.999	11.948	39.927735	-75.214285                                                                                                                                           
PA	4202	191878241	3607903	74.085	1.393	40.01555	-75.222234                                                                                                                                              
PA	4203	9973312521	2116281822	3850.718	817.101	41.407608	-80.003557                                                                                                                                     
PA	4204	3931308220	41444989	1517.887	16.002	39.921856	-76.911616                                                                                                                                        
PA	4205	27742397029	213620579	10711.4	82.479	41.387174	-78.570677                                                                                                                                       
PA	4206	2228736505	29642410	860.52	11.445	40.286765	-76.473081                                                                                                                                          
PA	4207	2233770399	21529041	862.464	8.312	40.041595	-76.177923                                                                                                                                          
PA	4208	1831137408	49166866	707.006	18.983	40.33608	-75.151155                                                                                                                                          
PA	4209	14840765430	94934039	5730.052	36.654	40.141578	-78.673654                                                                                                                                       
PA	4210	21697859390	299061742	8377.591	115.468	41.372693	-76.523189                                                                                                                                     
PA	4211	8692587229	193801093	3356.227	74.827	40.881389	-76.45176                                                                                                                                        
PA	4212	5602307850	59304328	2163.063	22.898	40.428412	-79.4865                                                                                                                                          
PA	4213	401881854	2643954	155.167	1.021	40.124002	-75.159535                                                                                                                                            
PA	4214	542048507	26842230	209.286	10.364	40.432541	-79.905696                                                                                                                                          
PA	4215	3328751160	33574274	1285.238	12.963	40.529197	-75.96263                                                                                                                                         
PA	4216	2584021858	105025528	997.696	40.551	40.020882	-76.213198                                                                                                                                        
PA	4217	4488179340	58691914	1732.896	22.661	40.885497	-75.797088                                                                                                                                        
PA	4218	5368517141	17435303	2072.796	6.732	40.170535	-80.027517                                                                                                                                         
RI	4401	695729218	628637485	268.623	242.718	41.630677	-71.328672                                                                                                                                        
RI	4402	1982268321	694815361	765.358	268.27	41.569601	-71.615514                                                                                                                                        
SC	4501	4008869914	2197476605	1547.833	848.45	32.714063	-80.160624                                                                                                                                      
SC	4502	7828023072	225639187	3022.417	87.12	33.633062	-81.379289                                                                                                                                        
SC	4503	13644904138	518812682	5268.327	200.315	34.363867	-82.338204                                                                                                                                     
SC	4504	3365375010	44755518	1299.379	17.28	34.941701	-82.170156                                                                                                                                         
SC	4505	14259942806	265675132	5505.795	102.578	34.530228	-81.010938                                                                                                                                     
SC	4506	20885955098	860176774	8064.113	332.116	33.208208	-80.523987                                                                                                                                     
SC	4507	13869661445	958845402	5355.106	370.212	34.083478	-79.498848                                                                                                                                     
SD	4600	196345228871	3384471850	75809.32	1306.752	44.446796	-100.238176                                                                                                                                 
TN	4701	10727532484	207535869	4141.924	80.13	36.212501	-82.799917                                                                                                                                       
TN	4702	6013228330	278795888	2321.721	107.644	36.05036	-83.821188                                                                                                                                       
TN	4703	11837019503	372429331	4570.299	143.796	35.761646	-84.509444                                                                                                                                     
TN	4704	15500430694	241851589	5984.75	93.379	35.549528	-87.299929                                                                                                                                       
TN	4705	3233303766	72160080	1248.386	27.861	36.187331	-87.074025                                                                                                                                        
TN	4706	16769931854	324687115	6474.907	125.362	36.194771	-85.778434                                                                                                                                     
TN	4707	23725142425	416632763	9160.329	160.863	35.633389	-87.833342                                                                                                                                     
TN	4708	17738520597	387076278	6848.881	149.451	35.850861	-89.10183                                                                                                                                      
TN	4709	1252906121	53667284	483.75	20.721	35.167634	-89.978861                                                                                                                                          
TX	4801	20379651926	951774857	7868.628	367.482	31.951678	-94.552046                                                                                                                                     
TX	4802	799584906	54910333	308.721	21.201	29.848397	-95.64565                                                                                                                                           
TX	4803	1245254103	98149448	480.795	37.896	33.159413	-96.613077                                                                                                                                         
TX	4804	26237758299	1010292716	10130.456	390.076	33.298288	-95.418063                                                                                                                                   
TX	4805	13064428801	494044925	5044.204	190.752	32.225795	-95.731668                                                                                                                                     
TX	4806	5564726643	255608840	2148.553	98.691	32.235054	-96.665879                                                                                                                                       
TX	4807	419749088	3106191	162.066	1.199	29.87923	-95.778623                                                                                                                                             
TX	4808	15682333345	410601498	6054.983	158.534	30.833241	-95.543603                                                                                                                                     
TX	4809	429074143	5285227	165.666	2.041	29.64547	-95.494207                                                                                                                                             
TX	4810	13135591810	185966591	5071.681	71.802	29.976625	-96.592155                                                                                                                                      
TX	4811	72086227511	572344028	27832.649	220.983	31.732302	-100.063687                                                                                                                                   
TX	4812	3732511231	86682341	1441.131	33.468	32.821328	-97.664515                                                                                                                                        
TX	4813	99324834105	766086802	38349.534	295.788	34.837689	-100.597872                                                                                                                                   
TX	4814	6336741756	2539425820	2446.63	980.478	29.433717	-94.892695                                                                                                                                      
TX	4815	20212412244	154866287	7804.056	59.794	27.750011	-98.263411                                                                                                                                      
TX	4816	1841082535	3692186	710.846	1.426	31.910753	-106.310327                                                                                                                                          
TX	4817	19814872130	309535606	7650.565	119.512	31.153602	-96.665768                                                                                                                                     
TX	4818	609365837	4427671	235.277	1.71	29.864161	-95.563854                                                                                                                                             
TX	4819	66914275190	282516302	25835.747	109.08	33.24529	-101.209738                                                                                                                                     
TX	4820	517220115	1459381	199.7	0.563	29.474317	-98.622461                                                                                                                                              
TX	4821	15335167369	91820741	5920.941	35.452	30.05789	-98.975368                                                                                                                                        
TX	4822	2676692480	61221627	1033.477	23.638	29.510737	-95.677411                                                                                                                                        
TX	4823	150370085797	449322589	58058.217	173.484	30.38921	-102.326756                                                                                                                                   
TX	4824	680637799	23080473	262.796	8.911	32.919473	-97.012724                                                                                                                                           
TX	4825	19742346368	316135102	7622.563	122.06	31.500791	-97.815913                                                                                                                                      
TX	4826	2349824427	191493155	907.272	73.936	33.184615	-97.134173                                                                                                                                        
TX	4827	23622355669	4537016681	9120.643	1751.752	28.782994	-96.841407                                                                                                                                   
TX	4828	24291208331	299397432	9378.888	115.598	27.848634	-98.913612                                                                                                                                     
TX	4829	484545639	10301758	187.084	3.978	29.949101	-95.417041                                                                                                                                           
TX	4830	922881706	32969231	356.327	12.729	32.658621	-96.799009                                                                                                                                          
TX	4831	5579439217	137165219	2154.234	52.96	30.828818	-97.535412                                                                                                                                        
TX	4832	482006740	34290041	186.104	13.239	32.920383	-96.653636                                                                                                                                          
TX	4833	549094430	16597231	212.007	6.408	32.756444	-97.106948                                                                                                                                           
TX	4834	21214143666	3364091631	8190.827	1298.883	28.669037	-97.926008                                                                                                                                   
TX	4835	1537949609	19480034	593.806	7.521	29.915524	-97.884094                                                                                                                                          
TX	4836	18455855223	1242361098	7125.846	479.678	30.429193	-94.43149                                                                                                                                     
UT	4901	50652444635	3222109149	19557.019	1244.063	40.960477	-111.332728                                                                                                                                 
UT	4902	103638398244	2945355622	40015.011	1137.208	38.744947	-112.553127                                                                                                                                
UT	4903	51990466713	458620703	20073.632	177.074	38.696764	-110.216402                                                                                                                                   
UT	4904	6603536749	374114296	2549.64	144.446	39.879317	-111.844453                                                                                                                                      
VT	5000	23873457570	1031134839	9217.594	398.123	44.060479	-72.673327                                                                                                                                    
VA	5101	10908617587	1767347311	4211.841	682.377	37.88072	-76.976288                                                                                                                                     
VA	5102	2858942639	5175186818	1103.844	1998.151	37.39373	-75.935602                                                                                                                                     
VA	5103	1619146552	406712430	625.156	157.033	36.913755	-76.56948                                                                                                                                        
VA	5104	9432364465	297373648	3641.856	114.817	36.961749	-77.157718                                                                                                                                      
VA	5105	25979420541	392124628	10030.711	151.4	37.332342	-78.723558                                                                                                                                      
VA	5106	15354741800	106015128	5928.499	40.933	38.136543	-79.199254                                                                                                                                      
VA	5107	8075204112	145041508	3117.854	56.001	37.820184	-77.902408                                                                                                                                       
VA	5108	386568076	29341577	149.255	11.329	38.779548	-77.139509                                                                                                                                          
VA	5109	23608121431	153964570	9115.147	59.446	37.000863	-81.324995                                                                                                                                      
VA	5110	3551510219	37716508	1371.246	14.562	39.076162	-77.855958                                                                                                                                        
VA	5111	479602706	21188539	185.176	8.181	38.791316	-77.294291                                                                                                                                           
WA	5301	16019745919	1098044552	6185.259	423.957	48.367489	-121.657912                                                                                                                                   
WA	5302	2629866121	2684013091	1015.397	1036.303	48.375395	-122.5977                                                                                                                                     
WA	5303	23610622725	1220444333	9116.113	471.216	46.270915	-122.26225                                                                                                                                    
WA	5304	49847973873	808275992	19246.411	312.077	47.294627	-119.707178                                                                                                                                   
WA	5305	40075952621	599022241	15473.412	231.284	47.573205	-117.867549                                                                                                                                   
WA	5306	17876929516	5100644174	6902.321	1969.37	47.638858	-123.55094                                                                                                                                    
WA	5307	372860728	339774295	143.962	131.188	47.578426	-122.391357                                                                                                                                       
WA	5308	19061011206	370370438	7359.498	143.001	47.362385	-121.039385                                                                                                                                    
WA	5309	475103338	104562198	183.438	40.372	47.457122	-122.261289                                                                                                                                        
WV	5401	16253925821	176283975	6275.676	68.064	39.381986	-80.268497                                                                                                                                      
WV	5402	20770704762	121810592	8019.614	47.031	38.838754	-80.173761                                                                                                                                      
WV	5403	25241031983	191746267	9745.617	74.034	37.991169	-81.218273                                                                                                                                      
WI	5501	4475162549	2524036038	1727.87	974.536	42.695239	-88.04635                                                                                                                                       
WI	5502	11750365665	189145438	4536.842	73.029	42.984295	-89.750866                                                                                                                                      
WI	5503	28779826013	826216165	11111.953	319.004	44.056297	-90.891748                                                                                                                                    
WI	5504	332583505	2454601106	128.411	947.727	42.904859	-87.842394                                                                                                                                       
WI	5505	4897561248	165577272	1890.959	63.93	43.199598	-88.531528                                                                                                                                        
WI	5506	12739427418	7317184536	4918.721	2825.181	43.779244	-88.274423                                                                                                                                   
WI	5507	59671136452	7701851011	23039.156	2973.701	45.698997	-90.655335                                                                                                                                  
WI	5508	17629401229	8180916398	6806.75	3158.67	44.831256	-87.936811                                                                                                                                     
WY	5600	251465641446	1860628076	97091.431	718.393	42.991802	-107.541925                                                                                                                                 
PR	7298	8868734851	4922543816	3424.238	1900.605	18.217648	-66.410799                                                                                                                                    
